7
1,Koguk
2,Ugefamo
3,Tinewamubosa
4,Hiukoriluu
5,Doyapilui
6,Rumayijopu
7,Labar
0.00,94.40,78.92,70.90,58.40,67.16,0.00
94.40,0.00,78.43,99.07,0.00,0.00,81.09
78.92,78.43,0.00,105.13,49.42,89.46,0.00
70.90,99.07,105.13,0.00,100.69,30.88,0.00
58.40,0.00,49.42,100.69,0.00,13.71,88.41
67.16,0.00,89.46,30.88,13.71,0.00,87.40
0.00,81.09,0.00,0.00,88.41,87.40,0.00
