7
1,Folor
2,Yilibajatuwa
3,Ruifijao
4,Reiseimuxea
5,Iqu
6,Burawuhuqo
7,Oufedi
0.00,49.52,0.00,92.90,0.00,61.05,84.30
49.52,0.00,55.44,36.03,0.00,79.53,52.49
0.00,55.44,0.00,29.88,0.00,42.78,41.53
92.90,36.03,29.88,0.00,42.90,0.00,0.00
0.00,0.00,0.00,42.90,0.00,76.48,37.58
61.05,79.53,42.78,0.00,76.48,0.00,88.13
84.30,52.49,41.53,0.00,37.58,88.13,0.00


